envios	gan_sum_1	p_value
100	1362000	0.0000000354785417202096
200	2691000	0.0000000359468609176106
300	4113000	0.0000000362406936704054
400	5511000	0.0000000357057021957913
500	6570000	0.0000000362406936704054
600	7413000	0.000000036317690046927
700	8097000	0.0000000359086888417951
800	8631000	0.0000000361638399963964
900	9141000	0.0000000361254666029071
1000	9492000	0.0000000352651622668602
1100	9891000	0.0000000358451474433722
1200	10296000	0.0000000360105598612722
1300	10629000	0.0000000355163138395096
1400	10953000	0.0000000358959726920654
1500	11226000	0.0000000407901336472721
1600	11466000	0.0000000984953788864934
1700	11688000	0.000000331385111123387
1800	11829000	0.000000676541162379351
1900	11940000	0.00000203487355857677
2000	12015000	0.00000255912011589245
2100	12120000	0.00000363761985836827
2200	12207000	0.0000356799326173483
2300	12222000	0.0000467827391027021
2400	12258000	0.0000428111693523271
2500	12300000	0.0000581538811594376
2600	12258000	0.0000357517385439456
2700	12252000	0.000043158854985912
2800	12240000	0.000105234619731007
2900	12243000	0.0000733393974216272
3000	12171000	0.0000160234870064183
3100	12162000	0.0000156114805389096
3200	12075000	0.00000596118616773877
3300	12039000	0.00000403884825606227
3400	12000000	0.00000390486545493487
3500	11922000	0.00000104631965395058
3600	11859000	0.000000392524968626116
3700	11757000	0.0000000832267254774131
3800	11691000	0.0000000694433678838456
3900	11601000	0.0000000365495376330834
4000	11496000	0.0000000536458752804331
4100	11337000	0.0000000363691003543927
4200	11220000	0.0000000362663432623549
4300	11100000	0.0000000360871288011688
4400	10929000	0.0000000360360670488716
4500	10779000	0.0000000363691003543927
4600	10650000	0.0000000364979044718864
4700	10539000	0.0000000361638399963964
4800	10413000	0.0000000361382537780518
4900	10278000	0.0000000360999041154998
5000	10131000	0.0000000356930488993706
5100	9969000	0.0000000360488265632587
5200	9804000	0.0000000356930488993706
5300	9645000	0.0000000349534070455159
5400	9483000	0.0000000357310205515151
5500	9306000	0.0000000355289123550409
5600	9153000	0.0000000360233114818869
5700	8985000	0.0000000358959726920654
5800	8802000	0.0000000359850684550219
5900	8616000	0.0000000359341329535367
6000	8427000	0.0000000358959726920654
6100	8241000	0.0000000356172113963155
6200	8040000	0.0000000354533798198509
6300	7851000	0.0000000352151186837033
6400	7644000	0.0000000349037504655486
6500	7440000	0.0000000354031028123157
6600	7233000	0.0000000357563545979323
6700	7002000	0.0000000356172113963155
6800	6786000	0.0000000356551125235456
6900	6570000	0.0000000354911285231179
7000	6342000	0.0000000358070697957478
7100	6165000	0.0000000354282335199475
7200	5934000	0.0000000352526455464327
7300	5718000	0.0000000352776828720798
7400	5487000	0.0000000358959726920654
7500	5247000	0.0000000359341329535367
7600	5019000	0.0000000359341329535367
7700	4791000	0.0000000357057021957913
7800	4572000	0.000000036074357438374
7900	4323000	0.0000000357817043432672
8000	4113000	0.0000000359468609176106
8100	3882000	0.0000000361638399963964
8200	3642000	0.0000000357183594128303
8300	3405000	0.0000000357310205515151
8400	3180000	0.0000000355667313432695
8500	2928000	0.0000000357943851056
8600	2682000	0.0000000356551125235456
8700	2445000	0.0000000352526455464327
8800	2208000	0.0000000359214089286085
8900	1971000	0.0000000358832604783884
9000	1734000	0.0000000358705521997342
9100	1467000	0.0000000356298411905921
9200	1233000	0.0000000349906900002439
9300	966000	0.0000000355667313432695
9400	723000	0.0000000351776267474009
9500	480000	0.0000000355037192292096
9600	228000	0.0000000358451474433722
9700	-9000	0.0000000359086888417951
9800	-279000	0.0000000354785417202096
9900	-546000	0.0000000356424748993268
10000	-777000	0.0000000357943851056
