Feature	Gain	Cover	Frequency
ctrx_quarter_normalizado	0.133165365973031	0.0171194702546313	0.00953079178885631
ctrx_quarter	0.0981177330192241	0.0163997722428071	0.0129521016617791
mcaja_ahorro_rank	0.0557830847165579	0.0117624933007056	0.00928641251221896
mprestamos_personales_rank	0.0322508687983817	0.0248861276753171	0.0417888563049853
cpayroll_trx	0.0315060396050342	0.0280720524212832	0.0227272727272727
rf_005_010	0.0306301314728699	0.00685713387358071	0.00293255131964809
rf_001_003	0.0239932277936867	0.00285420671365253	0.00122189638318671
ctrx_quarter_normalizado_lag1	0.022535353270682	0.00915875594532322	0.00464320625610948
mcuentas_saldo_rank	0.0216220914838651	0.0157155975293914	0.0232160312805474
mtarjeta_visa_consumo_rank	0.0189902710554266	0.0102483879672687	0.00757575757575758
ccomisiones_mantenimiento_tend6	0.0186644252450229	0.0246984596284989	0.0136852394916911
mpasivos_margen_rank	0.0149604956249178	0.00737342588011104	0.00806451612903226
rf_008_005	0.0142531270305462	0.00353543787691762	0.00171065493646139
mcaja_ahorro_rank_lag1	0.0138748720895318	0.00559512019594009	0.00342130987292278
rf_016_007	0.0126911542997869	0.00384058033429197	0.00195503421309873
rf_018_006	0.0123560599547745	0.00375055118394688	0.00219941348973607
cproductos_tend6	0.0101763696293203	0.0181909225094534	0.0124633431085044
rf_019_007	0.00947649074816977	0.00171368137859164	0.000733137829912023
rf_006_004	0.00916187002483773	0.0034339188461551	0.00146627565982405
rf_007_002	0.00903333276905444	0.0011407093069453	0.000488758553274682
rf_003_005	0.00891734930149319	0.0180345464077023	0.00977517106549365
mcomisiones_mantenimiento_rank_tend6	0.00854355963802844	0.0161681683650477	0.0122189638318671
mpayroll_sobre_edad_rank	0.00834398062950727	0.0107491761613581	0.0102639296187683
foto_mes	0.00815722273672153	0.00765011959426841	0.0122189638318671
cproductos	0.00745270385847644	0.0138636027431546	0.0102639296187683
cprestamos_personales_tend6	0.00731137201648947	0.00258216247075579	0.00757575757575758
mcuentas_saldo_rank_tend6	0.00700254068215219	0.00768793417887369	0.010019550342131
ccomisiones_mantenimiento_delta1	0.0066085212383505	0.0123560534986895	0.00659824046920821
vm_mpagominimo_rank_lag1	0.00590071456512877	0.00609759758642267	0.00757575757575758
mcuenta_corriente_rank	0.00586668378056662	0.00476467110969917	0.00806451612903226
rf_016_002	0.00540602979847675	0.00507548324605679	0.00244379276637341
mpayroll_rank	0.00513769266833217	0.00603934539793077	0.00562072336265885
mcuentas_saldo_rank_delta1	0.00497701224227245	0.0133330278285071	0.010019550342131
mrentabilidad_annual_rank_delta1	0.00496513161656359	0.0143104202762438	0.010752688172043
mprestamos_personales_rank_lag1	0.00461714779609095	0.00279955033926506	0.00659824046920821
ctrx_quarter_lag1	0.00455151264452422	0.00284750010222983	0.00342130987292278
mpasivos_margen_rank_lag1	0.00430503157696084	0.00546975171907092	0.00733137829912024
rf_015_002	0.00425052960984701	0.00648405561670762	0.0041544477028348
cproductos_delta1	0.00423732159503676	0.0128105978509241	0.00782013685239492
rf_008_001	0.00416921022970765	0.00547997052101423	0.00293255131964809
mactivos_margen_rank_lag1	0.00388824518303995	0.00493466113089692	0.00684261974584555
mrentabilidad_annual_rank_lag1	0.00372754288867515	0.00865231479696737	0.00708699902248289
mcuentas_saldo_rank_lag1	0.00361740143017826	0.00327403055388332	0.00586510263929619
mrentabilidad_annual_rank	0.00339942360567155	0.00392425409226642	0.00610948191593353
ctarjeta_visa_transacciones	0.00328815908750557	0.00368273245746549	0.00342130987292278
ctarjeta_visa_transacciones_tend6	0.00319436751280669	0.0049848854553417	0.00659824046920821
rf_012_011	0.00314609236984449	0.0031247624567572	0.00537634408602151
Master_fechaalta_lag1	0.00314205948148899	0.00243182399175672	0.00708699902248289
mcuenta_corriente_rank_tend6	0.00300522965935554	0.00300845877637456	0.00806451612903226
rf_009_002	0.00293731867004799	0.0062917046491953	0.00317693059628544
mprestamos_personales_rank_tend6	0.00286557106208778	0.0104084769561417	0.00928641251221896
ctrx_quarter_tend6	0.00277126990186942	0.00732775067862629	0.00610948191593353
internet_tend6	0.00276009222119906	0.00393602829286886	0.00855327468230694
kmes_lag1	0.00265146629272174	0.00483419575729058	0.00366568914956012
vmr_mpagominimo_lag1	0.00260509388960239	0.00423325995921343	0.0041544477028348
mactivos_margen_rank	0.00258794846759502	0.00299852429461626	0.00464320625610948
mcuenta_corriente_rank_lag1	0.00255224949414148	0.00441948968038983	0.00537634408602151
kmes_tend6	0.00251841229599404	0.00348696964773314	0.00219941348973607
vm_msaldototal_rank_lag1	0.002511219150235	0.00160711148336614	0.00219941348973607
Master_fechaalta	0.00249276400739484	0.00258007188116018	0.00562072336265885
mtransferencias_recibidas_rank	0.00246734134189502	0.00141012776930996	0.00464320625610948
vm_status05_tend6	0.00243979247142827	0.00445382552390802	0.00268817204301075
mcomisiones_mantenimiento_rank_delta1	0.00243473003895485	0.00868609872483233	0.00610948191593353
mcomisiones_rank_lag1	0.00243101458999849	0.00486174136580225	0.00562072336265885
rf_017_014	0.00240885438114597	0.00421038054667914	0.00219941348973607
mcaja_ahorro_rank_tend6	0.00237470661952524	0.00365368162444498	0.00537634408602151
cpayroll_trx_lag1	0.00234054277297322	0.00168650371384879	0.00244379276637341
rf_011_001	0.00229018736155592	0.00767371816962358	0.0041544477028348
Visa_mconsumototal_rank_tend6	0.0022777350499642	0.00477480628805866	0.00562072336265885
ccallcenter_transacciones_tend6	0.00225941080127358	0.0101265818550705	0.00757575757575758
cdescubierto_preacordado	0.00224921672327679	0.00539648073492419	0.00342130987292278
mactivos_margen_rank_tend6	0.00223761814863847	0.00468017784060325	0.00513196480938416
ccomisiones_otras	0.00217418401842562	0.00356044132848105	0.00268817204301075
rf_002_007	0.0021671854505168	0.00322193306116087	0.00171065493646139
Visa_msaldototal_rank_tend6	0.00215685920824786	0.00434024797235806	0.00684261974584555
cprestamos_personales	0.00210745253648838	0.00196242809103497	0.00366568914956012
mttarjeta_visa_debitos_automaticos_rank_tend6	0.00210262092351885	0.00799001601308007	0.00659824046920821
rf_011_013	0.00209801812745215	0.00457991316359809	0.00317693059628544
mcomisiones_mantenimiento_rank	0.00207390583141084	0.00546771130362561	0.00391006842619746
rf_014_012	0.00206303598406673	0.00171398242349341	0.000733137829912023
mcomisiones_rank_tend6	0.00200595174178755	0.00419394015009932	0.00513196480938416
vm_fechaalta_lag1	0.0020028478063061	0.00286432516729525	0.00488758553274682
rf_015_015	0.00198639350363261	0.0059351838619194	0.00317693059628544
mtarjeta_visa_consumo_rank_tend6	0.00198390225063212	0.00416288235106702	0.00391006842619746
Visa_mlimitecompra_rank_delta1	0.00196019785878061	0.00262472687492228	0.00537634408602151
vm_mpagominimo_rank	0.00193650861468255	0.00240840938828596	0.00171065493646139
rf_003_012	0.00193497552737597	0.00243162329515554	0.00391006842619746
mpayroll_sobre_edad_rank_tend6	0.00189250073838929	0.0102029301871019	0.00586510263929619
vm_fechaalta	0.00188531466832296	0.00189691737546713	0.00464320625610948
rf_001_001	0.00186568293076258	0.00396738713680292	0.00195503421309873
mprestamos_personales_rank_delta1	0.0018280567743883	0.00185079060662973	0.00439882697947214
Visa_fechaalta	0.00181892161116977	0.00145339461158058	0.00464320625610948
vm_msaldototal_rank	0.00180028849332476	0.00274797131276232	0.00244379276637341
rf_014_002	0.00177807207353173	0.00329281241081022	0.00171065493646139
mtarjeta_visa_consumo_rank_delta1	0.00173906752831762	0.00237447493797012	0.00464320625610948
rf_015_003	0.00172493068887871	0.00337240533789405	0.00171065493646139
cliente_edad_lag1	0.00172209540529092	0.0075174925903233	0.00586510263929619
thomebanking	0.00171444119022956	0.003531072725842	0.00268817204301075
mtarjeta_master_consumo_rank	0.00168381532814434	0.00198905384012459	0.00391006842619746
mrentabilidad_rank_tend6	0.001658508039102	0.00185513903298858	0.00342130987292278
Visa_fechaalta_lag1	0.00163077144698083	0.00198856882333841	0.00464320625610948
rf_001_008	0.00152900856556376	0.0018693048680884	0.00317693059628544
mpayroll_rank_tend6	0.00150024171411	0.00631754433659697	0.00391006842619746
vmr_msaldototal	0.00148416361188639	0.000901144464005859	0.00146627565982405
mtransferencias_recibidas_rank_tend6	0.00147271220129822	0.00565462673818936	0.00537634408602151
vm_mconsumototal_rank_tend6	0.00146905083490216	0.00414568934223278	0.00391006842619746
vm_mfinanciacion_limite_rank_delta1	0.00143790717466005	0.00446601784242959	0.00439882697947214
vmr_mpagominimo	0.00142697153249886	0.00205800984734598	0.00244379276637341
rf_016_000	0.00141411855025054	0.00421285580476034	0.00293255131964809
cliente_edad	0.00141146445766735	0.00556341013295397	0.0041544477028348
mcomisiones_mantenimiento_rank_lag1	0.00139477238311012	0.00331410297525185	0.00342130987292278
rf_016_008	0.00137156031050947	0.00193341070744799	0.00244379276637341
rf_010_013	0.00137094448601649	0.00401660797824181	0.00219941348973607
mrentabilidad_annual_rank_tend6	0.00136259650286072	0.00516434166622834	0.00586510263929619
kmes	0.00135781563560512	0.00192968109560944	0.0041544477028348
mv_status07_rank_delta1	0.00132326232507048	0.00408394168793702	0.00317693059628544
mcomisiones_rank	0.00131900419341925	0.00284014122685331	0.0041544477028348
vm_fultimo_cierre_tend6	0.00125727408928524	0.00172510436014202	0.00268817204301075
vm_msaldototal_rank_tend6	0.0012247524052094	0.00361197018083349	0.00317693059628544
ccomisiones_otras_lag1	0.00121039900863361	0.00280607297880335	0.00317693059628544
mactivos_margen_rank_delta1	0.00120714749477076	0.0037996215029349	0.00366568914956012
vm_status01	0.00119020354873578	0.000571600644871629	0.000244379276637341
rf_007_011	0.00118833409103763	0.00103740073148894	0.00219941348973607
mcuenta_corriente_rank_delta1	0.00118556852608257	0.0033434214037406	0.00488758553274682
rf_013_000	0.00113733557585335	0.00347350625073746	0.00219941348973607
ctarjeta_visa_transacciones_delta1	0.00112381988555733	0.00386647019584392	0.00342130987292278
chomebanking_transacciones_tend6	0.00111691832048774	0.00422399446612572	0.00342130987292278
rf_009_012	0.0011069950350961	0.00230546875659842	0.00122189638318671
Visa_mlimitecompra_rank_tend6	0.00107738003276213	0.00172184304037288	0.0041544477028348
mttarjeta_visa_debitos_automaticos_rank_delta1	0.00106601789082974	0.00476825019908685	0.00342130987292278
Visa_mpagominimo_rank_lag1	0.00103163199231916	0.00151422240645427	0.00244379276637341
Visa_mfinanciacion_limite_rank_tend6	0.00103036501912729	0.00243906579411589	0.00342130987292278
Visa_msaldototal_rank_delta1	0.00102750672289094	0.00127898926515692	0.00195503421309873
mpayroll_rank_lag1	0.00100373545353532	0.000507043238159381	0.000977517106549365
vmr_mconsumototal_tend6	0.00100227663757278	0.00158122162181418	0.00268817204301075
mpasivos_margen_rank_tend6	0.000983824113898068	0.00265453032019721	0.00293255131964809
rf_015_004	0.000965670406912255	0.00202486145871809	0.00122189638318671
vm_mlimitecompra_rank_tend6	0.00095644773594579	0.00211975750164174	0.00317693059628544
vm_Fvencimiento_lag1	0.000955472908216335	0.00185259687604033	0.00293255131964809
rf_004_004	0.000950587062244802	0.00102569342975356	0.000488758553274682
Visa_mpagominimo_rank_tend6	0.000945713712799925	0.00193387899951741	0.00293255131964809
thomebanking_tend6	0.000942926740729926	0.00313352620834197	0.00342130987292278
numero_de_cliente	0.000942320919377282	0.00273265147220574	0.00268817204301075
Master_mfinanciacion_limite_rank_delta1	0.000938709294928357	0.00172395035468525	0.00391006842619746
rf_014_010	0.000930020556375224	0.00128659901128492	0.00195503421309873
mpayroll_sobre_edad_rank_lag1	0.000929958603987303	0.00110277764932266	0.00146627565982405
vmr_msaldototal_lag1	0.000925926509766713	0.00120924719624758	0.00146627565982405
rf_017_010	0.000914083410631678	0.00229635378596159	0.00122189638318671
chomebanking_transacciones_delta1	0.000906525680495493	0.00345708257887439	0.00317693059628544
Master_Fvencimiento	0.000899671413311879	0.00113577551549967	0.00317693059628544
Visa_mpagominimo_rank	0.000888724241396968	0.000543486395989948	0.00146627565982405
ctarjeta_visa_transacciones_lag1	0.00087868874128994	0.000423553452069345	0.000488758553274682
rf_010_004	0.00087844307244975	0.00189634873509713	0.00122189638318671
vmr_Visa_mlimitecompra_lag1	0.000872127645531855	0.00109306058888229	0.00342130987292278
rf_002_004	0.000864292560079366	0.00155038124409983	0.00122189638318671
Visa_mfinanciacion_limite_rank_delta1	0.000863151721160098	0.00329127373686786	0.00391006842619746
Master_status_tend6	0.00085346985771326	0.00192362674814057	0.00146627565982405
cprestamos_personales_lag1	0.000846932647658878	0.000203456179444169	0.00122189638318671
Master_Fvencimiento_lag1	0.000845693967372827	0.00139825322040693	0.0041544477028348
mv_status07_rank	0.000845559137076345	0.00221079013499272	0.00268817204301075
Visa_Fvencimiento_lag1	0.000836650233251632	0.00120347716896371	0.00293255131964809
mpasivos_margen_rank_delta1	0.000828633248978637	0.00247850267624737	0.00244379276637341
vmr_msaldototal_tend6	0.000825903720977884	0.00133816131307089	0.00171065493646139
Master_fultimo_cierre_tend6	0.0008121474645284	0.0018227934307654	0.00293255131964809
vm_mfinanciacion_limite_rank_tend6	0.000809037767869478	0.000991625181703595	0.00219941348973607
vmr_Master_mlimitecompra	0.000800848037057489	0.00125537396508498	0.00268817204301075
Visa_Fvencimiento	0.000800293790081286	0.00100846697148578	0.00244379276637341
mcaja_ahorro_rank_delta1	0.000793116855032671	0.00237216692705657	0.00244379276637341
rf_015_014	0.000773550685393672	0.00216085013073293	0.00122189638318671
ctrx_quarter_delta1	0.000773520281371447	0.0028140339439834	0.00293255131964809
rf_006_000	0.000771675121242005	0.00302904690271207	0.00195503421309873
rf_005_008	0.000766202273928665	0.00195376468775079	0.000977517106549365
Visa_mfinanciacion_limite_rank_lag1	0.000761523092935261	0.00149549072367766	0.00244379276637341
Visa_msaldototal_rank	0.00076094368273398	0.00166812325012424	0.00195503421309873
vm_Fvencimiento	0.000760685172091088	0.000943374373837057	0.00244379276637341
vm_status01_tend6	0.00075458179645766	0.00224072737800176	0.00146627565982405
rf_004_005	0.000740452365656223	0.00252608449544331	0.00146627565982405
vm_fultimo_cierre_lag1	0.000739888704975216	0.000760656843181279	0.00195503421309873
vm_mlimitecompra_rank_delta1	0.000737381907153822	0.00171496918178254	0.00317693059628544
vm_status03_tend6	0.000733089316953067	0.00292035296845744	0.00171065493646139
rf_005_001	0.00072682208070635	0.00185493833638741	0.000977517106549365
Master_mpagominimo_rank_tend6	0.000708834860898044	0.00124477049465608	0.00244379276637341
ccallcenter_transacciones	0.000704933470925171	0.00360051374984958	0.00219941348973607
ctarjeta_master_transacciones	0.000700029596611452	0.000693356582919599	0.00146627565982405
rf_013_007	0.000692897737350815	0.000934928391870818	0.00146627565982405
rf_003_008	0.000672225364912611	0.000859968211330845	0.00122189638318671
Visa_mlimitecompra_rank_lag1	0.000669102629150387	0.00220553857392856	0.00195503421309873
Visa_cconsumos_tend6	0.000657729630752562	0.00123517050723306	0.00244379276637341
vmr_Visa_mlimitecompra	0.0006536363585489	0.00140562882050022	0.00219941348973607
ccomisiones_otras_tend6	0.000652950734036689	0.00146082038582416	0.00146627565982405
Master_Fvencimiento_tend6	0.000639870217339433	0.000699996295475237	0.00122189638318671
Master_mlimitecompra_rank_delta1	0.000635251405396647	0.000978228683574965	0.00219941348973607
Visa_Fvencimiento_tend6	0.000630843525057431	0.00168366051199877	0.00171065493646139
Master_mfinanciacion_limite_rank_tend6	0.000627602302887051	0.00163341946283722	0.00219941348973607
cliente_antiguedad_lag1	0.000617913985244385	0.00136776406174464	0.00244379276637341
Master_mpagominimo_rank_lag1	0.00061626605419195	0.00120242351180752	0.00146627565982405
vmr_mpagominimo_tend6	0.000608033030696141	0.000880773758986295	0.00171065493646139
Master_fultimo_cierre_lag1	0.000607614235513306	0.00161189475236088	0.00195503421309873
mrentabilidad_rank	0.000598413139367283	0.000869083181967678	0.00219941348973607
mv_status07_rank_tend6	0.000585688353182818	0.00204566700637354	0.00219941348973607
ccallcenter_transacciones_delta1	0.000562082468587613	0.00201840571804686	0.00122189638318671
internet	0.000561045071905868	0.000703424862412027	0.00146627565982405
Visa_fultimo_cierre_tend6	0.000549827862060598	0.000812202420250488	0.00122189638318671
rf_008_012	0.000549800752958368	0.000746139789029405	0.00122189638318671
rf_014_001	0.000540516699309459	0.00244588947855594	0.00146627565982405
vm_mpagominimo_rank_tend6	0.000539499627055614	0.00049031852139455	0.000977517106549365
vm_mfinanciacion_limite_rank_lag1	0.000531053037993245	0.00157908085806828	0.00146627565982405
ctrx_quarter_normalizado_tend6	0.00053104889221442	0.000890474094709897	0.00171065493646139
rf_003_000	0.000524737731921967	0.00204822588803856	0.00122189638318671
vm_cconsumos_tend6	0.000515735536975523	0.00217207241568213	0.00195503421309873
Master_msaldototal_rank	0.00051197407998586	0.00110050308784264	0.000977517106549365
Visa_fultimo_cierre	0.000497496088082129	0.00137336684186086	0.00219941348973607
vm_status04_tend6	0.000489919402290946	0.00126094329576767	0.000733137829912023
rf_014_000	0.000486589865906431	0.00208841538242445	0.00146627565982405
chomebanking_transacciones	0.000484651444250348	0.0012955467347541	0.00146627565982405
Visa_fultimo_cierre_lag1	0.000481886308424085	0.00165798807176476	0.00171065493646139
rf_003_002	0.000476753392778113	0.00216931283741593	0.00122189638318671
cpayroll_trx_tend6	0.000474684353193326	0.00243182399175672	0.00171065493646139
rf_018_003	0.000455020184347065	0.00103372129380067	0.000488758553274682
mtransferencias_recibidas_rank_lag1	0.000453171176855953	0.000574343498421061	0.00146627565982405
mtarjeta_master_consumo_rank_tend6	0.000451995334344259	0.00128644848883404	0.00122189638318671
cproductos_lag1	0.000448674715946795	0.00165542919009974	0.000977517106549365
rf_014_006	0.000446922800080192	0.00186677943585691	0.000977517106549365
rf_014_009	0.000442289037684556	0.000284938999522426	0.000733137829912023
Master_fultimo_cierre	0.000441944777735309	0.00125493912244909	0.00171065493646139
rf_019_002	0.000440325196312618	0.000507461356078502	0.00122189638318671
vmr_Master_mlimitecompra_lag1	0.000437363087900126	0.00111251143447979	0.00195503421309873
rf_009_014	0.000435860027278378	0.00146505173916567	0.000733137829912023
rf_013_006	0.000433663918709401	0.00126371959875063	0.000733137829912023
cliente_antiguedad	0.00043065839923273	0.000799792680410983	0.00122189638318671
Master_mlimitecompra_rank_lag1	0.000426384155521376	0.000985403587067078	0.00195503421309873
vm_status06_tend6	0.000420332460313461	0.00146761062083068	0.00122189638318671
rf_002_012	0.000419852080215069	0.00201924195388511	0.00122189638318671
mcomisiones_rank_delta1	0.000418797091718713	0.000972642628175512	0.000977517106549365
mtransferencias_recibidas_rank_delta1	0.000416763973174135	0.00134515224467859	0.00122189638318671
thomebanking_delta1	0.000415575602074437	0.00127929031005869	0.00122189638318671
mrentabilidad_rank_delta1	0.000413485369939116	0.000974164577401111	0.00122189638318671
rf_013_012	0.000412311433844455	0.000742376727757318	0.00122189638318671
Master_mfinanciacion_limite_rank	0.000409979515874776	0.00146217508788211	0.00122189638318671
mrentabilidad_rank_lag1	0.000409790191152995	0.000836637231443906	0.00122189638318671
rf_018_009	0.000402918305025937	0.00162149473978389	0.000977517106549365
Visa_msaldototal_rank_lag1	0.000401535612566803	0.00060362847747628	0.000977517106549365
rf_019_000	0.00040137965630874	0.000653401234568417	0.000977517106549365
Master_cconsumos_tend6	0.000397903784536595	0.000791396872595038	0.00122189638318671
rf_006_001	0.000397333080224222	0.0018723487665396	0.00122189638318671
vm_msaldototal_rank_delta1	0.000396856747254357	0.00179613423224226	0.000977517106549365
Master_fechaalta_tend6	0.000396445809567855	0.000678354511981545	0.00122189638318671
rf_014_007	0.00039487319555263	0.000500035581834917	0.000244379276637341
Master_mlimitecompra_rank_tend6	0.000385755288737696	0.000569292633958082	0.00171065493646139
rf_003_014	0.000377232948576801	0.000648818662174854	0.000977517106549365
rf_012_013	0.000372949074129984	0.000317033730994136	0.000977517106549365
Visa_mconsumototal_rank_lag1	0.000371518102214403	0.00112271351170634	0.00122189638318671
rf_001_004	0.000368442030509975	0.00164494279268819	0.00122189638318671
Master_msaldototal_rank_lag1	0.000360119326493388	0.000841989140808652	0.000977517106549365
Visa_mlimitecompra_rank	0.000353089696071593	0.00121551896503439	0.00171065493646139
ctarjeta_master	0.000349464916605265	0.00100172691062955	0.000488758553274682
vmr_Master_mlimitecompra_tend6	0.000346721244617858	0.00178942762081956	0.00171065493646139
rf_006_009	0.00033818689378303	0.00166747098617042	0.000977517106549365
rf_011_005	0.000332939422943327	0.000649922493481333	0.000733137829912023
rf_007_009	0.000329315178654872	0.00152007605732196	0.000977517106549365
vm_fultimo_cierre	0.000319013192028258	0.00119238868174863	0.00171065493646139
Visa_status	0.000318761826133287	0.000922083809395427	0.000488758553274682
Visa_mpagominimo_rank_delta1	0.000317659714855243	0.00160226131550434	0.00146627565982405
rf_011_012	0.000314062589534048	0.000455598009390761	0.000733137829912023
mpayroll_rank_delta1	0.00031331837660912	0.00132050001216723	0.000733137829912023
mtarjeta_master_consumo_rank_delta1	0.000311577489845972	0.00130270491352945	0.00146627565982405
rf_002_010	0.000309514783610395	0.00138146160477504	0.000733137829912023
rf_005_002	0.000309209670566143	8.56138251191699e-05	0.000733137829912023
rf_020_002	0.000308603614919038	0.000967591763712533	0.00122189638318671
Master_mconsumototal_rank_tend6	0.000304744797482801	0.000808389184828106	0.00122189638318671
vm_mlimitecompra_rank	0.000300305832434296	0.000436582006429148	0.000733137829912023
rf_003_010	0.000288308224734338	0.00117671762213998	0.000977517106549365
rf_018_010	0.0002867285350264	0.000921782764493661	0.000488758553274682
rf_012_012	0.000285745928720851	0.00127403874899453	0.000733137829912023
Master_msaldototal_rank_tend6	0.000281259239123833	0.000801164107185699	0.000977517106549365
rf_005_012	0.000280130063136192	0.000653334335701358	0.000488758553274682
Visa_cconsumos	0.000271637720065037	0.000732709841467246	0.000977517106549365
rf_011_006	0.000268634185925638	0.000903352126618817	0.000488758553274682
mv_status07_rank_lag1	0.000265179176225524	0.000446048196118043	0.000488758553274682
rf_020_000	0.000262252379687645	0.000844464398889847	0.000488758553274682
vm_status05	0.000261848510295084	0.000770658223806648	0.000488758553274682
rf_020_006	0.000259852543453198	0.00054823621555116	0.000733137829912023
vm_Fvencimiento_tend6	0.000254612486183483	0.000698106402480811	0.000488758553274682
rf_002_008	0.000253903799697567	0.00103153035590448	0.000733137829912023
rf_006_003	0.000253756778690357	0.000414538829733101	0.000733137829912023
vm_status06	0.000250821108558061	0.000485485078249514	0.000244379276637341
Visa_mconsumototal_rank	0.000250760172268222	0.000947505378877971	0.000733137829912023
rf_008_009	0.000247995349656659	0.000153298753866441	0.000488758553274682
mtarjeta_master_consumo_rank_lag1	0.000247763403073094	0.000130753835667449	0.000488758553274682
Master_mfinanciacion_limite_rank_lag1	0.00024773506330838	0.000966387584105465	0.000733137829912023
vm_mpagominimo_rank_delta1	0.000244375381858677	0.000717206029026248	0.000733137829912023
Master_mpagominimo_rank	0.000242326363352119	0.000508347766067038	0.000977517106549365
rf_012_004	0.000241829173242738	0.000310544540889382	0.000488758553274682
internet_lag1	0.000237359772110661	0.000609181083442204	0.000488758553274682
Master_mlimitecompra_rank	0.000236274239015403	0.000289270701164517	0.000733137829912023
rf_005_000	0.000228377287494004	0.000909071979752389	0.000488758553274682
rf_015_011	0.000228063076425905	0.000388665692897908	0.000733137829912023
rf_008_004	0.0002247174551101	0.000767212932153092	0.000488758553274682
rf_017_015	0.000224326193225781	0.00124860045479522	0.000977517106549365
rf_004_008	0.000222014313598135	0.000625203362102912	0.000488758553274682
vmr_mconsumototal_delta1	0.000221575576257309	0.000197702876877067	0.000488758553274682
vmr_Visa_mlimitecompra_tend6	0.000220313158243004	0.000514970753905911	0.000733137829912023
Visa_mfinanciacion_limite_rank	0.000219386984841134	0.000285875583661256	0.000733137829912023
rf_002_014	0.000214773322443967	0.000340347986164311	0.000733137829912023
rf_019_013	0.000211252508061748	0.000209125858427447	0.000488758553274682
Master_mpagominimo_rank_delta1	0.00020890062573776	0.000584930244133199	0.000733137829912023
Visa_cconsumos_lag1	0.000208513295067867	0.000254734161045141	0.000733137829912023
vmr_mpagominimo_delta1	0.000205805778415131	0.000273649815706165	0.000733137829912023
vmr_mconsumototal_lag1	0.000204490725533668	0.000270271422919669	0.000244379276637341
Master_msaldototal_rank_delta1	0.000196930146870093	0.00071943041635597	0.000977517106549365
rf_011_003	0.000196283306723026	0.00057897624496492	0.000733137829912023
Master_mconsumototal_rank_delta1	0.000194138084444653	0.000218776020000754	0.000977517106549365
cliente_edad_tend6	0.000190747675892995	0.000365284538860674	0.000733137829912023
rf_015_000	0.000187857500812449	0.000363244123415364	0.000488758553274682
vm_mconsumototal_rank_delta1	0.000182587108575718	0.000793186417288875	0.000977517106549365
vm_mconsumototal_rank_lag1	0.000181296372993017	0.000611405470771927	0.000488758553274682
cprestamos_personales_delta1	0.000177942213493813	5.46730991042325e-05	0.000244379276637341
ccallcenter_transacciones_lag1	0.000176162187224443	0.000845434432462207	0.000733137829912023
Visa_cconsumos_delta1	0.000175443475401867	0.000678872978201255	0.000733137829912023
Visa_status_tend6	0.000172198398471044	0.000508933131153807	0.000244379276637341
rf_014_008	0.000171955644747197	0.000846220494150154	0.000733137829912023
vm_fechaalta_tend6	0.0001716456213843	0.000253630329738662	0.000977517106549365
vm_fultimo_cierre_delta1	0.000165382451996169	0.000475082304421789	0.000488758553274682
rf_009_001	0.000164017279830179	0.000465030749646126	0.000244379276637341
vmr_msaldototal_delta1	0.000163131590044858	0.000496991683383718	0.000733137829912023
rf_020_005	0.000162564723229125	0.000475416798757086	0.000244379276637341
mttarjeta_visa_debitos_automaticos_rank	0.000160569846473047	0.000350533338674093	0.000488758553274682
rf_014_014	0.000157836537699575	0.000827388463072954	0.000488758553274682
rf_013_005	0.000156322605814851	0.000147863220917871	0.000244379276637341
rf_019_009	0.000155047387924221	0.000769855437401936	0.000488758553274682
vm_mconsumototal_rank	0.000153282095077041	0.000175191408111605	0.000244379276637341
rf_018_002	0.000144415060905582	5.52919136245313e-05	0.000488758553274682
Visa_fechaalta_delta1	0.000143857114543158	5.20640432889189e-05	0.000244379276637341
rf_004_003	0.000141859078511246	0.000260052620976357	0.000733137829912023
vm_mfinanciacion_limite_rank	0.000140943522347831	0.000874435091332424	0.000488758553274682
Master_mconsumototal_rank_lag1	0.000140171647878996	0.000191765602425552	0.000488758553274682
rf_017_012	0.000137955592219514	0.000747109822601766	0.000488758553274682
Master_cconsumos_delta1	0.000135876285604833	5.67971381333661e-05	0.000244379276637341
rf_015_013	0.000134418362427501	0.000481755466410957	0.000244379276637341
mttarjeta_visa_debitos_automaticos_rank_lag1	0.000132660858021446	0.000198940505917665	0.000244379276637341
vm_cconsumos_delta1	0.000129884106122448	0.000614783863558423	0.000733137829912023
rf_019_001	0.000128913695460142	0.000336150082256338	0.000244379276637341
ccomisiones_otras_delta1	0.000127072343232251	0.000850033729572536	0.000488758553274682
rf_002_013	0.000124648825993473	0.000107974771433749	0.000244379276637341
kmes_delta1	0.000120914063774783	6.25671654172328e-05	0.000244379276637341
vm_status06_delta1	0.000120550261201257	0.000333306880406317	0.000244379276637341
Visa_fechaalta_tend6	0.000118718510113739	9.70869808198439e-05	0.000488758553274682
rf_013_002	0.000116956100321555	0.000888634375865765	0.000488758553274682
rf_009_005	0.000116685734378951	0.000121638865030616	0.000244379276637341
ctarjeta_master_transacciones_delta1	0.000115577585702593	0.000179773980505168	0.000244379276637341
rf_008_010	0.00011523155991299	0.000134617245240125	0.000244379276637341
rf_017_009	0.000114907769900834	0.000146692490744333	0.000244379276637341
rf_007_007	0.000112071776030887	0.000582655682653182	0.000488758553274682
rf_002_015	0.0001116557331914	0.000492676706458392	0.000244379276637341
rf_009_009	0.000111137237083641	0.000449493487771598	0.000244379276637341
vm_status02	0.000108623252587948	0.000381005772619615	0.000244379276637341
rf_017_004	0.000107079740410998	0.00033452778473015	0.000244379276637341
rf_018_004	0.000105342498776406	2.97365464078695e-05	0.000244379276637341
rf_010_003	0.000101374764011039	0.000179322413152518	0.000244379276637341
vmr_mconsumototal	0.000101279674987604	3.22452539225942e-05	0.000244379276637341
rf_009_004	9.97157520637418e-05	0.00037849706510489	0.000244379276637341
rf_001_000	9.66062157115555e-05	0.000389752799487622	0.000244379276637341
ctrx_quarter_normalizado_delta1	9.55842873967306e-05	0.000159603972086782	0.000488758553274682
rf_005_015	9.28247327111471e-05	0.00032850688669481	0.000488758553274682
rf_009_000	8.6430170989462e-05	0.000445663527632452	0.000244379276637341
rf_017_008	8.33118942207633e-05	0.000322184943757704	0.000244379276637341
rf_006_012	8.11594926668632e-05	0.000398282405037685	0.000244379276637341
vm_status04_delta1	7.87062570254401e-05	0.000407915841894228	0.000244379276637341
mpayroll_sobre_edad_rank_delta1	7.72465088175719e-05	0.000413786217478684	0.000244379276637341
rf_010_012	7.53341776993797e-05	0.000478109478156224	0.000244379276637341
rf_004_012	7.51374542051565e-05	0.000395673349222372	0.000244379276637341
rf_005_004	7.48193464502372e-05	0.000125117606117701	0.000244379276637341
Visa_mconsumototal_rank_delta1	7.42720099274961e-05	0.000290642127939233	0.000488758553274682
rf_020_014	7.40999243455073e-05	0.000402547207812717	0.000244379276637341
rf_018_008	7.24115096765229e-05	0.00040428657835626	0.000244379276637341
rf_005_005	6.64278511137343e-05	0.00037704201474635	0.000244379276637341
rf_002_000	6.53433785091932e-05	0.000441030781088593	0.000244379276637341
rf_004_011	6.39653916693326e-05	7.5010354690267e-05	0.000244379276637341
rf_020_004	6.09697470876153e-05	8.58312464371127e-05	0.000244379276637341
rf_012_015	5.70894041560841e-05	0.00081795572281759	0.000488758553274682
ccomisiones_mantenimiento_lag1	5.69808321030015e-05	0.000437184096232682	0.000244379276637341
rf_020_010	5.15860517039626e-05	8.49448364485767e-05	0.000244379276637341
rf_016_001	5.1492156349149e-05	0.000473108787843539	0.000244379276637341
Master_fultimo_cierre_delta1	4.45934422732138e-05	5.94563680989742e-05	0.000244379276637341
rf_018_007	4.44370864814382e-05	0.000335715239620453	0.000244379276637341
cdescubierto_preacordado_lag1	4.35918901776962e-05	0.000237307006176187	0.000244379276637341
ctarjeta_master_transacciones_tend6	4.0284688220929e-05	6.52598448163706e-05	0.000244379276637341
rf_005_007	4.02020094051386e-05	0.000362491511160947	0.000244379276637341
vm_status02_tend6	3.84165154429327e-05	0.000332671341169253	0.000244379276637341
rf_004_015	3.48935159565847e-05	5.8486334526614e-05	0.000244379276637341
Visa_Fvencimiento_delta1	3.07563221734454e-05	0.000346519406650533	0.000244379276637341
vm_Fvencimiento_delta1	3.01488632258344e-05	7.67497252338095e-05	0.000244379276637341
Master_cconsumos	2.95322791255439e-05	0.00031268530463528	0.000244379276637341
Master_cconsumos_lag1	2.9407905760781e-05	3.64097083970371e-05	0.000244379276637341
rf_007_005	2.67040071077694e-05	0.000325529887110671	0.000244379276637341
vmr_Visa_mlimitecompra_delta1	2.5317267520109e-05	0.000371773728965428	0.000244379276637341
rf_018_015	2.2060199645414e-05	0.000351269226211745	0.000244379276637341
