Feature	Gain	Cover	Frequency
rf_007_002	0.0813892808349308	0.00219326330739506	0.00144927536231884
ctrx_quarter	0.0666603589984176	0.00518511766770001	0.00434782608695652
mcaja_ahorro_rank	0.0563633287422715	0.0116630775077561	0.0108695652173913
ctrx_quarter_normalizado	0.0448460322136566	0.00563823140593108	0.00507246376811594
rf_008_005	0.0409084104033144	0.00219553654483903	0.00144927536231884
mtarjeta_visa_consumo_rank	0.0278256743060999	0.0110685848335514	0.0101449275362319
rf_005_010	0.0267778487143132	0.00109663165369753	0.00072463768115942
mcuentas_saldo_rank	0.0243974834147214	0.0172657587666717	0.0166666666666667
cpayroll_trx	0.0187757526717403	0.00508567037662669	0.0036231884057971
mcaja_ahorro_rank_lag1	0.0177932787605441	0.00616581421175464	0.0072463768115942
ccomisiones_mantenimiento_tend6	0.0169138005676606	0.00437327062776739	0.00289855072463768
cproductos_tend6	0.0165062530432295	0.0129808431267872	0.00869565217391304
mpayroll_sobre_edad_rank	0.0142941628173655	0.0042196216872768	0.00289855072463768
rf_016_007	0.0129238989061206	0.00109890489114151	0.00072463768115942
cproductos	0.0124444035388087	0.0125258669771562	0.0115942028985507
mprestamos_personales_rank	0.0117121570846119	0.00441610608996477	0.00289855072463768
mrentabilidad_annual_rank_lag1	0.0112600222822392	0.0127627492741799	0.0144927536231884
mpayroll_rank	0.0108802969835681	0.00300954726860387	0.00217391304347826
mcuentas_saldo_rank_tend6	0.0107180466288367	0.0114819853875202	0.0115942028985507
vm_mpagominimo_rank	0.0097127433185594	0.00522965121087964	0.00507246376811594
mcuentas_saldo_rank_delta1	0.00958204871633553	0.0160097539962693	0.0159420289855072
ctarjeta_visa_transacciones	0.00828913053815162	0.00451445784492051	0.00579710144927536
mrentabilidad_annual_rank_delta1	0.0079457878959559	0.010984091610483	0.0108695652173913
Visa_msaldototal_rank_tend6	0.00743303181748845	0.00722886768344834	0.00797101449275362
mactivos_margen_rank_tend6	0.00720598129670691	0.00857991021205088	0.00942028985507246
vm_mpagominimo_rank_lag1	0.00674196237740584	0.0103103095097684	0.00869565217391304
mprestamos_personales_rank_lag1	0.00671221296209742	0.00328411600807235	0.00217391304347826
vm_mlimitecompra_rank_tend6	0.00668682955528158	0.0133108459938052	0.0152173913043478
rf_012_010	0.00617126908833643	0.00193761995435777	0.00144927536231884
ctrx_quarter_normalizado_lag1	0.00610444552452269	0.00636262727527788	0.0072463768115942
mcuenta_corriente_rank	0.00592218877834966	0.0123508550823728	0.0130434782608696
rf_013_006	0.00586143696615587	0.0122193907482632	0.00869565217391304
mcomisiones_mantenimiento_rank_lag1	0.00578947757505779	0.0052786490637384	0.00507246376811594
mcomisiones_mantenimiento_rank_tend6	0.00551066383698538	0.00754638143872595	0.00579710144927536
kmes_lag1	0.00531004408169953	0.00374128322993846	0.00434782608695652
mcuenta_corriente_rank_tend6	0.0052591123955811	0.00985541552534627	0.00869565217391304
mactivos_margen_rank	0.00515383205211148	0.00711071411316735	0.00652173913043478
rf_015_013	0.00513908473200893	0.00051903762410644	0.00072463768115942
rf_012_011	0.00513729688428802	0.00636643426328647	0.00434782608695652
mcuenta_corriente_rank_lag1	0.00508537446657296	0.0109284931525158	0.0108695652173913
Visa_mfinanciacion_limite_rank_tend6	0.00458599567975119	0.0105656242019704	0.0108695652173913
Visa_fechaalta	0.00457558605885153	0.00955118514549432	0.0101449275362319
Visa_fechaalta_lag1	0.00456858733744151	0.00792749106562908	0.0072463768115942
rf_003_012	0.00451989619256366	0.00318140949704923	0.00217391304347826
vm_Fvencimiento	0.00451940660937783	0.00975391410405249	0.00942028985507246
Master_mlimitecompra_rank_delta1	0.00425313757730228	0.00880052379772854	0.00869565217391304
foto_mes	0.00423107072835405	0.00650956605704829	0.00579710144927536
Master_fechaalta_lag1	0.00421294753608663	0.00731746916695762	0.0072463768115942
mrentabilidad_annual_rank_tend6	0.0042129449721783	0.00911987257600309	0.0108695652173913
ctrx_quarter_normalizado_tend6	0.00416548176931494	0.00707834102089286	0.00652173913043478
cliente_edad	0.00415490943165246	0.00841410082065515	0.00942028985507246
chomebanking_transacciones_delta1	0.00413739523777073	0.00993393807657381	0.00797101449275362
Master_Fvencimiento_lag1	0.00409805453477246	0.00957112390283427	0.0101449275362319
vmr_msaldototal_tend6	0.00409737677006925	0.00491890239112809	0.00434782608695652
Master_mlimitecompra_rank_tend6	0.00408375372164459	0.00982671247906567	0.0108695652173913
Visa_mlimitecompra_rank_delta1	0.00403637525956577	0.00805681910430939	0.00942028985507246
cliente_edad_lag1	0.00398338600937291	0.0106174704487349	0.0101449275362319
Visa_mpagominimo_rank	0.00397635305149541	0.00428302584008175	0.00579710144927536
mactivos_margen_rank_delta1	0.00396605228827589	0.0110391423003914	0.0108695652173913
internet_tend6	0.00394148292448162	0.00917886719593477	0.00797101449275362
ccomisiones_otras_tend6	0.00391763375105781	0.00715927375157908	0.00942028985507246
Visa_msaldototal_rank	0.00389432701644914	0.00749360398626154	0.00797101449275362
mrentabilidad_rank_tend6	0.00384704630178102	0.010151593714734	0.0101449275362319
Visa_mpagominimo_rank_tend6	0.00384422166565575	0.00840237858419705	0.00797101449275362
Visa_mconsumototal_rank	0.00383577951062559	0.0092373414362106	0.00942028985507246
mcuentas_saldo_rank_lag1	0.00375711240809113	0.00894261483217866	0.0108695652173913
vm_mconsumototal_rank_tend6	0.0037168332296047	0.00357541906173686	0.0036231884057971
mcomisiones_rank_tend6	0.00370482398502072	0.00993785461819416	0.00869565217391304
kmes_tend6	0.00365614076572352	0.00629086965957639	0.00579710144927536
mcaja_ahorro_rank_tend6	0.00359749322070387	0.00925333626352727	0.00797101449275362
Visa_mfinanciacion_limite_rank_delta1	0.00357919756201889	0.00982063225361311	0.00942028985507246
vm_mfinanciacion_limite_rank_delta1	0.00356545529398273	0.010917099576893	0.0101449275362319
mpasivos_margen_rank_lag1	0.00353214328765286	0.00721804926428724	0.00579710144927536
vm_status02_delta1	0.00349071063104353	0.000913540180046979	0.00072463768115942
ctrx_quarter_tend6	0.003470022318646	0.00806698020179995	0.00797101449275362
mrentabilidad_annual_rank	0.00340349216714123	0.00784924239843093	0.0072463768115942
mcomisiones_rank_lag1	0.00334904045173006	0.00571289219234415	0.00797101449275362
mpasivos_margen_rank	0.00332279218718538	0.00323862387078984	0.00434782608695652
cprestamos_personales	0.00329473299549287	0.00221038105923224	0.00144927536231884
Master_Fvencimiento	0.0032315957227738	0.00575649452982383	0.0072463768115942
rf_018_006	0.00322859365079835	0.000981436030933996	0.00072463768115942
mcomisiones_rank	0.0031910990043188	0.00717162592130479	0.00652173913043478
ctrx_quarter_delta1	0.00303534894594193	0.00714001970431261	0.00652173913043478
mcuenta_corriente_rank_delta1	0.00302665197328925	0.00735871610178451	0.00652173913043478
vmr_msaldototal_lag1	0.00295903604699887	0.00175633611530123	0.00217391304347826
Visa_mconsumototal_rank_tend6	0.0029380158891789	0.0056107882261857	0.00652173913043478
Visa_mconsumototal_rank_lag1	0.0028684489455752	0.00640532579546056	0.00869565217391304
Master_mfinanciacion_limite_rank_tend6	0.0028407643247328	0.00692277489219651	0.00797101449275362
vm_fechaalta	0.00282444739950784	0.00617956319003027	0.0072463768115942
vm_mlimitecompra_rank_delta1	0.00281813551640034	0.0050424788651911	0.00579710144927536
Master_mfinanciacion_limite_rank_delta1	0.00280332360111472	0.00748938617220886	0.0072463768115942
Visa_mlimitecompra_rank_tend6	0.00277096029189099	0.00608014328735989	0.00797101449275362
vm_Fvencimiento_lag1	0.00272858067295927	0.00554445351426624	0.00652173913043478
Master_fultimo_cierre_tend6	0.00272585757270628	0.0063792794242651	0.00579710144927536
mrentabilidad_rank_lag1	0.00272197541581009	0.00497863649793913	0.00507246376811594
ctrx_quarter_normalizado_delta1	0.00265914176957709	0.00317801333508473	0.00289855072463768
Visa_mconsumototal_rank_delta1	0.00262594355315568	0.00527711531317379	0.00579710144927536
mpasivos_margen_rank_delta1	0.00260553210459079	0.00537957532857045	0.00579710144927536
Master_fechaalta	0.00254710929910485	0.00309299973236053	0.00507246376811594
Master_mlimitecompra_rank_lag1	0.00251663580079236	0.0048745331783661	0.00797101449275362
Master_mlimitecompra_rank	0.00251128746037298	0.00439707114992182	0.00652173913043478
vm_status02	0.00241085332884415	0.000876264563646321	0.00072463768115942
Visa_cconsumos_lag1	0.00238776855301289	0.00585851633077347	0.00434782608695652
mtransferencias_recibidas_rank	0.0023326017070172	0.00656467152376256	0.00507246376811594
mcaja_ahorro_rank_delta1	0.00231673989890685	0.00475410637064112	0.00434782608695652
vmr_mpagominimo	0.00229607450861516	0.00226293940447314	0.00217391304347826
mcomisiones_rank_delta1	0.00229237196986757	0.00496943399455146	0.00579710144927536
vm_mfinanciacion_limite_rank_tend6	0.00228769094505568	0.00426735967360035	0.00507246376811594
chomebanking_transacciones_tend6	0.00222074625251794	0.00661460058232127	0.00652173913043478
vmr_msaldototal	0.00219378580822187	0.0034559782365177	0.00289855072463768
mactivos_margen_rank_lag1	0.00218416962978677	0.00467848699012517	0.00434782608695652
vm_fechaalta_tend6	0.00218263659118454	0.00469519391591826	0.00507246376811594
mcomisiones_mantenimiento_rank	0.00213690281890016	0.0057050864975064	0.00507246376811594
numero_de_cliente	0.00204633920933974	0.00466843544624637	0.00652173913043478
Master_mfinanciacion_limite_rank_lag1	0.00202136500527014	0.00344359867838905	0.00434782608695652
mtransferencias_recibidas_rank_tend6	0.00198682476354323	0.00566520898282649	0.00434782608695652
Master_fultimo_cierre_lag1	0.00184844596222152	0.00400232209835482	0.00434782608695652
internet	0.00182162987914554	0.00406660268005383	0.00289855072463768
vm_cconsumos_lag1	0.00181171450153706	0.00254317754335009	0.00289855072463768
Visa_mlimitecompra_rank_lag1	0.00175475035154827	0.00412337883934741	0.00507246376811594
Visa_fultimo_cierre_tend6	0.00174307302041746	0.00398290372067072	0.0036231884057971
Visa_msaldototal_rank_delta1	0.00172059573353997	0.00371134770552559	0.0036231884057971
ccomisiones_otras	0.00172026681343915	0.00411894191807121	0.00434782608695652
mrentabilidad_rank_delta1	0.00171660532273641	0.00406723261332143	0.0036231884057971
ctarjeta_visa_transacciones_tend6	0.00161633546842538	0.00450161268394188	0.0036231884057971
Visa_mfinanciacion_limite_rank_lag1	0.00160857144801556	0.00478609602527446	0.00434782608695652
Visa_msaldototal_rank_lag1	0.00160657703772299	0.00290440318971914	0.00289855072463768
Visa_cconsumos_delta1	0.00160381980304862	0.00415128762194276	0.00434782608695652
Visa_cconsumos	0.00159812044316929	0.00352069703266374	0.0036231884057971
mtransferencias_recibidas_rank_lag1	0.00158774036461638	0.00276442106229536	0.0036231884057971
vm_mpagominimo_rank_tend6	0.00158504854149389	0.00348950164171565	0.0036231884057971
mpasivos_margen_rank_tend6	0.00155952395389484	0.00402023411387725	0.00434782608695652
Visa_fultimo_cierre	0.00155874934744007	0.0042505431941955	0.00434782608695652
mtarjeta_visa_consumo_rank_tend6	0.00155338249628285	0.00437411966825852	0.0036231884057971
Master_msaldototal_rank	0.00149376163553477	0.00273881290554693	0.00217391304347826
mttarjeta_visa_debitos_automaticos_rank_tend6	0.00148906838219823	0.00489211653305326	0.0036231884057971
Visa_mpagominimo_rank_lag1	0.00143765337172161	0.00342596054689601	0.00507246376811594
vm_status06	0.00143718608560925	0.00220145243987397	0.00144927536231884
thomebanking_tend6	0.00142985475343102	0.00329597518654515	0.00217391304347826
vmr_mpagominimo_lag1	0.00141103469683148	0.00485590906436724	0.0036231884057971
chomebanking_transacciones	0.00138538649738658	0.00157080707378907	0.00217391304347826
ctarjeta_visa_transacciones_lag1	0.00137188605310251	0.00330156242074481	0.00289855072463768
mrentabilidad_rank	0.00127454427564961	0.00338646646985726	0.0036231884057971
Visa_Fvencimiento_lag1	0.00124825160404253	0.00211430254172048	0.00289855072463768
Visa_fultimo_cierre_delta1	0.00123443454471687	0.00287331735238281	0.00289855072463768
vm_fechaalta_lag1	0.00118178373892776	0.0021549469316827	0.00217391304347826
vmr_Visa_mlimitecompra_lag1	0.00113648411328387	0.002511078335105	0.00217391304347826
cliente_antiguedad	0.00111576120300557	0.00248519629432717	0.00289855072463768
Master_mconsumototal_rank_tend6	0.00109089508489247	0.00219737156783598	0.00144927536231884
vmr_mconsumototal_lag1	0.00108619093813445	0.00217488568902265	0.00289855072463768
Visa_cconsumos_tend6	0.00105427551775971	0.00231322451227006	0.00289855072463768
mttarjeta_visa_debitos_automaticos_rank_delta1	0.00105358682561966	0.00263202552248582	0.00217391304347826
cliente_antiguedad_lag1	0.00104477645423525	0.00173034452091165	0.00289855072463768
cliente_edad_tend6	0.00103222889945137	0.00184077456156371	0.00217391304347826
Visa_Fvencimiento	0.00102497377445233	0.00253991832340029	0.00434782608695652
Visa_fultimo_cierre_lag1	0.00102170859041958	0.00299445625858421	0.00289855072463768
vmr_Visa_mlimitecompra	0.00100764021067638	0.00251693945333405	0.00289855072463768
ctrx_quarter_lag1	0.000994884175704496	0.00241286352216396	0.00217391304347826
mtransferencias_recibidas_rank_delta1	0.000976108339082828	0.00277439044096534	0.00217391304347826
thomebanking	0.000968065252345317	0.000529034391179357	0.00072463768115942
ctarjeta_master	0.000943863896561161	0.00311222639122405	0.00217391304347826
Visa_mfinanciacion_limite_rank	0.000943218948183835	0.00224672546993296	0.00289855072463768
ccomisiones_otras_delta1	0.000921933236640957	0.00329745416030388	0.00217391304347826
Master_Fvencimiento_tend6	0.000891997850814049	0.00166250344683051	0.00289855072463768
vmr_mpagominimo_tend6	0.000837722445556976	0.00185030572578665	0.00144927536231884
vm_fultimo_cierre_lag1	0.000824034797697335	0.00231437482519352	0.00217391304347826
Visa_mpagominimo_rank_delta1	0.000787631315313204	0.00189968701628657	0.00289855072463768
vm_status01	0.000783332280953472	0.00244835889237355	0.00217391304347826
vm_mconsumototal_rank	0.000761413254288985	0.00141546005231623	0.00144927536231884
rf_004_015	0.000760420413739558	0.000941613293059965	0.00072463768115942
mttarjeta_visa_debitos_automaticos_rank_lag1	0.000743517327196322	0.00215335840431221	0.00144927536231884
vm_fechaalta_delta1	0.000740220268638177	0.00136818766884266	0.00144927536231884
vm_fultimo_cierre	0.000734961603357595	0.00161991448025959	0.00289855072463768
vmr_mconsumototal	0.000727884850694311	0.00145563883942848	0.00144927536231884
Master_mfinanciacion_limite_rank	0.000712372873632013	0.00180796325484219	0.00217391304347826
Visa_mlimitecompra_rank	0.000692582426625657	0.00151666020117768	0.00217391304347826
vm_Fvencimiento_tend6	0.000681687533988006	0.00137804749390088	0.00217391304347826
vm_cconsumos_tend6	0.000664262830286509	0.0021851837285279	0.00217391304347826
vm_msaldototal_rank_lag1	0.00065353521672286	0.00171612993978605	0.00144927536231884
Visa_Fvencimiento_tend6	0.000650130295434064	0.00118194652885407	0.00144927536231884
Master_cconsumos_tend6	0.000644036944055699	0.0016982727010695	0.00144927536231884
vm_fultimo_cierre_tend6	0.000643875243501984	0.00120739035518486	0.00144927536231884
vm_mlimitecompra_rank_lag1	0.000643842580245248	0.00201208902195027	0.00217391304347826
vmr_Visa_mlimitecompra_tend6	0.000639578643366995	0.00175899279038636	0.00144927536231884
vm_mfinanciacion_limite_rank_lag1	0.000616407545036624	0.00111317424907298	0.00144927536231884
vm_mconsumototal_rank_lag1	0.000613572712804915	0.00121500433120204	0.00217391304347826
vm_mlimitecompra_rank	0.00059257741596674	0.00108786736475689	0.00144927536231884
vm_fultimo_cierre_delta1	0.000559994486522114	0.00107554258343411	0.00144927536231884
vmr_Master_mlimitecompra	0.000548121915685143	0.00169358928416684	0.00144927536231884
kmes	0.000546042471225508	0.00118293251135989	0.00144927536231884
Master_status	0.000510450729447756	0.00110599848750284	0.00072463768115942
vm_msaldototal_rank	0.000489997186865459	0.000950350193597665	0.00072463768115942
internet_lag1	0.000489890548688042	0.00110019214607966	0.00072463768115942
ccomisiones_otras_lag1	0.000451128115442769	0.00108920939650092	0.00144927536231884
vm_mfinanciacion_limite_rank	0.000434400497173282	0.00147220882320687	0.00217391304347826
Visa_fechaalta_tend6	0.000416995496873466	0.00108811386038334	0.00144927536231884
mtarjeta_visa_consumo_rank_delta1	0.000400648068367613	0.00109756285939747	0.00072463768115942
Master_msaldototal_rank_tend6	0.000391305475534103	0.000943776976892185	0.00072463768115942
vmr_mconsumototal_tend6	0.000356731847723902	0.00109989087364733	0.00072463768115942
cproductos_lag1	0.000337025860875289	0.000763479120341466	0.00072463768115942
vm_cconsumos	0.000327356040205494	0.000524926130738432	0.00072463768115942
vm_mpagominimo_rank_delta1	0.000325433423598165	0.000867418109496863	0.00072463768115942
ctarjeta_visa_transacciones_delta1	0.000322438106862133	0.00148557436384135	0.00144927536231884
vm_status01_tend6	0.000318955060777809	0.00109257817006248	0.00072463768115942
mttarjeta_visa_debitos_automaticos_rank	0.00031282215803077	0.000988913064936479	0.00072463768115942
rf_006_004	0.00029864254590957	0.00109687814932398	0.00072463768115942
vm_msaldototal_rank_tend6	0.000271933237072474	0.000582606107329016	0.00072463768115942
vm_mconsumototal_rank_delta1	0.000265746164852536	0.000771750418029194	0.00072463768115942
rf_019_007	0.000264871332117146	0.000769860618226369	0.00144927536231884
vm_status04	0.000261199432711922	0.00109416669743297	0.00072463768115942
thomebanking_lag1	0.000214368384195756	0.000421671851656522	0.00072463768115942
Master_fultimo_cierre	0.00021119570282923	0.000715823299226738	0.00144927536231884
vm_msaldototal_rank_delta1	0.000205604273711287	0.000573595322761921	0.00072463768115942
vmr_Master_mlimitecompra_lag1	0.000197001174969339	0.00040482798384873	0.00072463768115942
Visa_Fvencimiento_delta1	0.000188846568849161	0.000444815052140398	0.00072463768115942
mcomisiones_mantenimiento_rank_delta1	0.000179250884673043	0.000608953750956814	0.00072463768115942
Master_msaldototal_rank_delta1	0.000137790590577534	0.000510355500374619	0.00072463768115942
rf_014_012	0.000115386224144329	0.000921044602452401	0.00072463768115942
mv_status07_rank	6.14415715660077e-05	0.000344546108978894	0.00072463768115942
